8126360
8126361
8126362
8079247
8116891
8116895
8079251
8116896
8079252
8079256
8116894
8116892
8079258
8079259
8116897
8079261
8079264
8079265
8079267
8116898
8079272
8079274
8116893
8116899
8079276
8079281
8079283
8079284
8079285
7851572
8250850
8079290
8079287
8079288
8167779
8167778
8090833
8079291
8250832
8126363
8090834
8090835
8090836
8079292
8079293
8079294
8079295
8079296
8079297
8079298
8079299
8079300
8079302
8250831
8090844
8079303
8079304
8079305
8079306
8079307
8090845
8090846
8079308
8079309
8090847
8079311
8079312
8079313
8079314
8250836
8250837
8090849
8250838
8079315
8079316
8090850
8079317
8079319
8090851
8167780
8167781
8079320
8079321
8090852
8090853
8092164
8092165
8092166
8079322
8079323
8079324
8079325
8090854
8250851
8079326
8079327
8079328
8090863
8090864
8079334
8250839
8079338
8079340
8090848
8090881
8079342
8250833
8098359
8079343
8090909
8090912
8090962
8091031
8091032
8167790
8167791
8167792
8091033
8091034
8091035
8091036
8219381
8219382
8219383
8219385
8219386
8219403
8219404
8219405
8219406
8079344
8091052
8126364
8126365
8126366
8126367
8126368
8126369
8099412
8099413
8099414
8102233
8099415
8099416
8099417
8099418
8102234
8102235
8102236
8102237
8102238
8102239
8102240
8099419
8099420
8099421
8099422
8099423
8099424
8099425
8099426
8099427
8099428
8099429
8099430
8099431
8099432
8099433
8099434
8099435
8099436
8099437
8099438
8099439
8099440
8102241
8102242
8099441
8099442
8099443
8099444
8099445
8099446
8099447
8099448
8099449
8099450
8099451
8099452
8099453
8099454
8099455
8102243
8102244
8102245
8102246
8102247
8102248
8102249
8102250
8102251
8102252
8099456
8099457
8099458
8099459
8099460
8099461
8099462
8099463
8099464
8102253
8102254
8102255
8102256
8102257
8102258
8102259
8102260
8102261
8102262
8102263
8102264
8102265
8102266
8102267
8102268
8102269
8102270
8102271
8102272
8102273
8099465
8099466
8099467
8099468
8099469
8099470
8099471
8099472
8099473
8099474
8099475
8099476
8099477
8099478
8099479
8099480
8099481
8099482
8099483
8099484
8099485
8099486
8099487
8102274
8102275
8099488
8099489
8201264
8250834
8201265
8201266
8201267
8201268
8201269
8201270
8201271
8250835
8201272
8201273
8201274
8099490
8102276
8102277
8102278
8102279
8102280
8099491
8099492
8099493
8099494
8099495
8099496
8099497
8099498
8099499
8099500
8099501
8102281
8099502
8102282
8099503
8099504
8099505
8099506
8099507
8099508
8099509
8099510
8099511
8099512
8099513
8099514
8099515
8099516
8099517
8099518
8099519
8099520
8099521
8099522
8102283
8102284
8102285
8102286
8102288
8102289
8102287
8102293
8102294
8102295
8102296
8102292
8102291
8102290
8102297
8102298
8102299
8102300
7821821
7821822
8250842
8250843
8250844
8250845
8250846
7851489
7851490
7851495
8117815
8117814
8117806
8117813
8117816
8117811
8117812
8117808
8117810
8117795
8117809
8117803
8117807
8117805
8117802
8117804
8117800
8117799
8117798
8117801
8117797
8117796
7851393
7847628
8090785
8090787
8090788
7847626
8090789
8090790
8090795
7849434
7849437
8090796
8090797
8090798
8090799
8090800
8090801
8090802
8090803
8090804
7849440
8090805
8090806
8090807
8090808
8090809
8090810
8090811
8090812
8090813
8090814
8090816
8090817
7855315
7847619
7855316
7855317
7849447
8090818
8090819
7849826
7851392
7847636
8090822
7847642
8090823
7855319
8090824
8090825
8090826
8090827
7855320
8090828
8090831
8090832
7851417
8090829
8090830
7851420
7851422
8251535
8251537
8251538
8251540
8251541
8251542
8251539
7822737
8090837
8250840
8090843
7822739
7822740
7822743
7822744
7822746
7822747
7822748
7822749
7822750
7822762
7822684
7822685
7822686
7855349
7855351
7855353
7855355
7855361
8250829
7822770
7822779
7822784
7822785
7822786
7822788
8090855
7822793
7822795
7822797
8090856
7851501
7851500
7851504
7822689
7822690
7822691
7822692
8250830
7822695
7822697
7822698
7822717
7822699
7822700
7822799
7851526
8090857
7851538
7851542
7855377
7855378
7822803
7822805
7822806
7822815
7822817
8090858
8090859
8090860
7822701
8090861
7851554
8090862
7851557
7851558
7821852
8090865
8090866
8090867
8090868
8090869
8090870
7821849
7821854
7821855
7821856
8090871
8090872
8250849
8090875
8250848
8090882
8090883
8090884
8090886
8090887
8134717
8134718
7851568
8090888
8090889
8090890
8201259
8201260
8201261
8201258
8201262
8201263
8250841
8090891
8090892
8090893
8090894
8090895
8090896
8090897
8090898
8090899
8090900
8090901
8090902
8090903
8090904
8090905
8090906
8090907
8090908
8090911
8090913
8090914
8090964
8090965
7851569
7851570
8134714
8250847
7851571
8134711
8134712
8134713
8134715
8134716
8090970
7821866
7821867
7821869
7821870
8091037
8091038
7822818
7822819
8091039
8091040
8148533
7851563
8091041
7851564
8091042
8091043
7851566
7822702
8091044
8091045
8091046
8091051
7826332
7826349
7826352
7826372
7826377
7826381
8090771
8090772
8090773
8090774
8090775
8090776
8090778
8090777
7855281
8090779
8090780
8090781
7855283
8090782
8090783
7855285
7855290
7855289
8090784
7855324
8090838
8090839
8090840
8090841
8090842
7826413
7855325
8341941
8341943
7852607
7852612
7852618
7852621
8090873
7852640
7852914
8090874
7855391
7855394
8090877
8090878
7826422
7826415
7851768
7855389
7855390
8090879
8090880
7855395
7851728
7851734
7851739
7851737
7851761
7851764
7851765
8090915
8090916
8090917
8090918
8090919
8090920
8090921
8090922
8090923
8090924
8090925
8090926
8090927
7826387
8090928
8090929
8090930
8090931
8090932
8090933
8090934
8090935
8090936
8090937
8090938
8167782
8167784
8090939
8090940
8090941
8090942
8090943
8090944
8090945
8090946
8090947
8090948
8090949
8090950
8090951
8090952
8090953
8090954
8090955
8090956
7826393
7826398
7826401
8090957
8090958
8167783
8167785
7826404
8167786
8167787
8167788
7826406
7826411
8167789
8090959
8090961
7855413
8090963
8090966
8090967
8090968
8090971
8090972
7852957
7852977
7852986
7852988
8090973
7852993
8090976
8090977
7852999
7853002
7853005
7853008
7853011
8090978
8090979
7853017
8090980
8090981
8090982
8090983
8090984
8090985
8090986
8090987
8090988
8090989
8090990
8090991
8090992
8090993
8090994
8090995
7824522
7824523
7824560
7824566
8090996
8090997
8090998
7824571
7824573
7824583
7824588
7853086
7853090
7853093
7853097
7853102
7853108
8090999
8091000
8091001
8091002
8091003
8091004
8091005
8091006
8091007
8091008
8091009
8091010
8091011
8091012
8091013
8091014
8091015
8091016
8091017
8091018
8091019
7824605
7824591
7824610
7824615
7824620
7824622
7824625
7824632
7824638
7824644
7824646
7824648
7824650
7824652
7853112
7824772
7824823
7824765
7824761
8091021
7824767
8167793
7824840
7824845
7824849
7824864
7824879
7824906
7824888
7824891
7824919
7824928
8091022
7853922
7853924
7853920
7853927
7853929
7853931
7853933
7853935
7853937
7854106
7854108
8091023
7854110
7854112
7854114
7854116
7854119
7854121
7854125
7854127
7854132
8339551
8339552
8091024
8091025
8091026
8091027
8091028
8091029
8091030
8219373
8219374
8219375
8219376
8219377
8219378
8219379
8219380
8339638
8339637
8339640
8219384
8219387
8219388
8219389
8219390
8219391
8339618
8219392
8219393
8219394
8219395
8219396
8339619
8219397
8219398
8219399
8219400
8219401
8219402
8219407
8091047
8091048
8091049
8091050
8091053
7851817
7855448
7851822
7851827
7851832
8167796
7851838
7851769
8167794
7826431
8327378
7855532
8167795
